0,00000 0,00179
1,00000 0,00181
2,00000 0,00181
3,00000 0,00183
4,00000 0,00185
5,00000 0,00188
6,00000 0,00188
7,00000 0,00190
8,00000 0,00192
9,00000 0,00195
10,00000 0,00195
11,00000 0,00197
12,00000 0,00200
13,00000 0,00203
14,00000 0,00203
15,00000 0,00206
16,00000 0,00209
17,00000 0,00212
18,00000 0,00212
19,00000 0,00215
20,00000 0,00218
21,00000 0,00221
22,00000 0,00225
23,00000 0,00225
24,00000 0,00228
25,00000 0,00232
26,00000 0,00235
27,00000 0,00235
28,00000 0,00239
29,00000 0,00243
30,00000 0,00246
31,00000 0,00246
32,00000 0,00250
33,00000 0,00254
34,00000 0,00258
35,00000 0,00258
36,00000 0,00262
37,00000 0,00266
38,00000 0,00270
39,00000 0,00270
40,00000 0,00274
41,00000 0,00278
42,00000 0,00282
43,00000 0,00282
44,00000 0,00286
45,00000 0,00291
46,00000 0,00295
47,00000 0,00295
48,00000 0,00299
49,00000 0,00303
50,00000 0,00308
51,00000 0,00308
52,00000 0,00312
53,00000 0,00317
54,00000 0,00321
55,00000 0,00321
56,00000 0,00326
57,00000 0,00330
58,00000 0,00334
59,00000 0,00334
60,00000 0,00339
61,00000 0,00344
62,00000 0,00348
63,00000 0,00348
64,00000 0,00353
65,00000 0,00357
66,00000 0,00362
67,00000 0,00362
68,00000 0,00367
69,00000 0,00371
70,00000 0,00376
71,00000 0,00376
72,00000 0,00381
73,00000 0,00385
74,00000 0,00390
75,00000 0,00390
76,00000 0,00395
77,00000 0,00399
78,00000 0,00404
79,00000 0,00404
80,00000 0,00409
81,00000 0,00414
82,00000 0,00419
83,00000 0,00419
84,00000 0,00424
85,00000 0,00429
86,00000 0,00434
87,00000 0,00434
88,00000 0,00439
89,00000 0,00443
90,00000 0,00448
91,00000 0,00448
92,00000 0,00453
93,00000 0,00458
94,00000 0,00463
95,00000 0,00463
96,00000 0,00468
97,00000 0,00472
98,00000 0,00477
99,00000 0,00482
100,00000 0,00482
101,00000 0,00487
102,00000 0,00492
103,00000 0,00496
104,00000 0,00496
105,00000 0,00501
106,00000 0,00506
107,00000 0,00511
108,00000 0,00511
109,00000 0,00516
110,00000 0,00521
111,00000 0,00526
112,00000 0,00526
113,00000 0,00531
114,00000 0,00536
115,00000 0,00540
116,00000 0,00540
117,00000 0,00545
118,00000 0,00550
119,00000 0,00554
120,00000 0,00554
121,00000 0,00559
122,00000 0,00564
123,00000 0,00569
124,00000 0,00569
125,00000 0,00574
126,00000 0,00579
127,00000 0,00584
128,00000 0,00584
129,00000 0,00589
130,00000 0,00594
131,00000 0,00599
132,00000 0,00599
133,00000 0,00604
134,00000 0,00608
135,00000 0,00613
136,00000 0,00613
137,00000 0,00618
138,00000 0,00623
139,00000 0,00628
140,00000 0,00628
141,00000 0,00633
142,00000 0,00638
143,00000 0,00643
144,00000 0,00643
145,00000 0,00648
146,00000 0,00653
147,00000 0,00658
148,00000 0,00658
149,00000 0,00663
150,00000 0,00668
151,00000 0,00673
152,00000 0,00673
153,00000 0,00678
154,00000 0,00683
155,00000 0,00688
156,00000 0,00688
157,00000 0,00693
158,00000 0,00698
159,00000 0,00703
160,00000 0,00703
161,00000 0,00708
162,00000 0,00713
163,00000 0,00718
164,00000 0,00718
165,00000 0,00723
166,00000 0,00728
167,00000 0,00733
168,00000 0,00733
169,00000 0,00738
170,00000 0,00743
171,00000 0,00748
172,00000 0,00748
173,00000 0,00753
174,00000 0,00758
175,00000 0,00764
176,00000 0,00768
177,00000 0,00768
178,00000 0,00774
179,00000 0,00779
180,00000 0,00784
181,00000 0,00784
182,00000 0,00789
183,00000 0,00794
184,00000 0,00799
185,00000 0,00799
186,00000 0,00804
187,00000 0,00809
188,00000 0,00814
189,00000 0,00814
190,00000 0,00819
191,00000 0,00824
192,00000 0,00829
193,00000 0,00829
194,00000 0,00834
195,00000 0,00839
196,00000 0,00844
197,00000 0,00844
198,00000 0,00849
199,00000 0,00854
200,00000 0,00858
201,00000 0,00858
202,00000 0,00863
203,00000 0,00868
204,00000 0,00873
205,00000 0,00873
206,00000 0,00878
207,00000 0,00883
208,00000 0,00888
209,00000 0,00888
210,00000 0,00893
211,00000 0,00897
212,00000 0,00903
213,00000 0,00903
214,00000 0,00907
215,00000 0,00912
216,00000 0,00917
217,00000 0,00917
218,00000 0,00922
219,00000 0,00927
220,00000 0,00932
221,00000 0,00932
222,00000 0,00937
223,00000 0,00942
224,00000 0,00947
225,00000 0,00947
226,00000 0,00952
227,00000 0,00957
228,00000 0,00962
229,00000 0,00962
230,00000 0,00967
231,00000 0,00972
232,00000 0,00977
233,00000 0,00977
234,00000 0,00981
235,00000 0,00987
236,00000 0,00992
237,00000 0,00992
238,00000 0,00997
239,00000 0,01002
240,00000 0,01007
241,00000 0,01007
242,00000 0,01012
243,00000 0,01017
244,00000 0,01022
245,00000 0,01022
246,00000 0,01027
247,00000 0,01033
248,00000 0,01038
249,00000 0,01043
250,00000 0,01043
251,00000 0,01048
252,00000 0,01053
253,00000 0,01058
254,00000 0,01058
255,00000 0,01063
256,00000 0,01068
257,00000 0,01074
258,00000 0,01074
259,00000 0,01079
260,00000 0,01084
261,00000 0,01089
262,00000 0,01089
263,00000 0,01094
264,00000 0,01099
265,00000 0,01104
266,00000 0,01104
267,00000 0,01110
268,00000 0,01115
269,00000 0,01120
270,00000 0,01120
271,00000 0,01125
272,00000 0,01130
273,00000 0,01135
274,00000 0,01135
275,00000 0,01139
276,00000 0,01145
277,00000 0,01150
278,00000 0,01150
279,00000 0,01155
280,00000 0,01160
281,00000 0,01164
282,00000 0,01164
283,00000 0,01169
284,00000 0,01175
285,00000 0,01179
286,00000 0,01179
287,00000 0,01184
288,00000 0,01190
289,00000 0,01195
290,00000 0,01195
291,00000 0,01200
292,00000 0,01205
293,00000 0,01210
294,00000 0,01210
295,00000 0,01215
296,00000 0,01220
297,00000 0,01225
298,00000 0,01225
299,00000 0,01229
300,00000 0,01234
301,00000 0,01239
302,00000 0,01239
303,00000 0,01244
304,00000 0,01249
305,00000 0,01254
306,00000 0,01254
307,00000 0,01259
308,00000 0,01264
309,00000 0,01268
310,00000 0,01268
311,00000 0,01273
312,00000 0,01278
313,00000 0,01283
314,00000 0,01283
315,00000 0,01288
316,00000 0,01293
317,00000 0,01298
318,00000 0,01298
319,00000 0,01302
320,00000 0,01307
321,00000 0,01312
322,00000 0,01312
323,00000 0,01316
324,00000 0,01322
325,00000 0,01326
326,00000 0,01331
327,00000 0,01331
328,00000 0,01336
329,00000 0,01341
330,00000 0,01346
331,00000 0,01346
332,00000 0,01351
333,00000 0,01356
334,00000 0,01360
335,00000 0,01360
336,00000 0,01365
337,00000 0,01370
338,00000 0,01375
339,00000 0,01375
340,00000 0,01379
341,00000 0,01384
342,00000 0,01389
343,00000 0,01389
344,00000 0,01394
345,00000 0,01399
346,00000 0,01404
347,00000 0,01404
348,00000 0,01407
349,00000 0,01413
350,00000 0,01417
351,00000 0,01417
352,00000 0,01422
353,00000 0,01426
354,00000 0,01431
355,00000 0,01431
356,00000 0,01435
357,00000 0,01439
358,00000 0,01443
359,00000 0,01443
360,00000 0,01447
361,00000 0,01452
362,00000 0,01456
363,00000 0,01456
364,00000 0,01461
365,00000 0,01465
366,00000 0,01470
367,00000 0,01470
368,00000 0,01474
369,00000 0,01477
370,00000 0,01482
371,00000 0,01482
372,00000 0,01487
373,00000 0,01491
374,00000 0,01495
375,00000 0,01495
376,00000 0,01500
377,00000 0,01503
378,00000 0,01508
379,00000 0,01508
380,00000 0,01512
381,00000 0,01517
382,00000 0,01520
383,00000 0,01520
384,00000 0,01524
385,00000 0,01529
386,00000 0,01532
387,00000 0,01532
388,00000 0,01536
389,00000 0,01539
390,00000 0,01542
391,00000 0,01542
392,00000 0,01546
393,00000 0,01549
394,00000 0,01553
395,00000 0,01553
396,00000 0,01556
397,00000 0,01559
398,00000 0,01562
399,00000 0,01562
400,00000 0,01565
401,00000 0,01567
402,00000 0,01570
403,00000 0,01573
404,00000 0,01573
405,00000 0,01575
406,00000 0,01578
407,00000 0,01580
408,00000 0,01580
409,00000 0,01582
410,00000 0,01583
411,00000 0,01586
412,00000 0,01586
413,00000 0,01587
414,00000 0,01589
415,00000 0,01590
416,00000 0,01590
417,00000 0,01591
418,00000 0,01592
419,00000 0,01594
420,00000 0,01594
421,00000 0,01595
422,00000 0,01597
423,00000 0,01598
424,00000 0,01598
425,00000 0,01599
426,00000 0,01601
427,00000 0,01601
428,00000 0,01601
429,00000 0,01602
430,00000 0,01603
431,00000 0,01604
432,00000 0,01604
433,00000 0,01605
434,00000 0,01606
435,00000 0,01607
436,00000 0,01607
437,00000 0,01608
438,00000 0,01608
439,00000 0,01609
440,00000 0,01609
441,00000 0,01609
442,00000 0,01609
443,00000 0,01610
444,00000 0,01610
445,00000 0,01610
446,00000 0,01610
447,00000 0,01611
448,00000 0,01611
449,00000 0,01611
450,00000 0,01612
451,00000 0,01612
452,00000 0,01612
453,00000 0,01612
454,00000 0,01613
455,00000 0,01613
456,00000 0,01613
457,00000 0,01613
458,00000 0,01614
459,00000 0,01614
460,00000 0,01614
461,00000 0,01615
462,00000 0,01615
463,00000 0,01616
464,00000 0,01616
465,00000 0,01616
466,00000 0,01616
467,00000 0,01616
468,00000 0,01616
469,00000 0,01617
470,00000 0,01617
471,00000 0,01617
472,00000 0,01617
473,00000 0,01618
474,00000 0,01618
475,00000 0,01618
476,00000 0,01618
477,00000 0,01617
478,00000 0,01618
479,00000 0,01618
480,00000 0,01619
481,00000 0,01619
482,00000 0,01618
483,00000 0,01618
484,00000 0,01619
485,00000 0,01619
486,00000 0,01620
487,00000 0,01619
488,00000 0,01620
489,00000 0,01620
490,00000 0,01620
491,00000 0,01620
492,00000 0,01620
493,00000 0,01620
494,00000 0,01620
495,00000 0,01621
496,00000 0,01621
497,00000 0,01621
498,00000 0,01621
499,00000 0,01621
500,00000 0,01621
501,00000 0,01621
502,00000 0,01621
503,00000 0,01622
504,00000 0,01621
505,00000 0,01621
506,00000 0,01622
507,00000 0,01622
508,00000 0,01622
509,00000 0,01622
510,00000 0,01623
511,00000 0,01622
512,00000 0,01622
513,00000 0,01622
514,00000 0,01623
515,00000 0,01623
516,00000 0,01623
517,00000 0,01623
518,00000 0,01623
519,00000 0,01623
520,00000 0,01624
521,00000 0,01624
522,00000 0,01624
523,00000 0,01624
524,00000 0,01624
525,00000 0,01624
526,00000 0,01624
527,00000 0,01624
528,00000 0,01624
529,00000 0,01624
530,00000 0,01624
531,00000 0,01625
532,00000 0,01625
533,00000 0,01625
534,00000 0,01625
535,00000 0,01625
536,00000 0,01625
537,00000 0,01625
538,00000 0,01625
539,00000 0,01625
540,00000 0,01625
541,00000 0,01625
542,00000 0,01625
543,00000 0,01626
544,00000 0,01625
545,00000 0,01625
546,00000 0,01625
547,00000 0,01625
548,00000 0,01623
549,00000 0,01623
550,00000 0,01625
551,00000 0,01626
552,00000 0,01626
553,00000 0,01626
554,00000 0,01627
555,00000 0,01628
556,00000 0,01628
557,00000 0,01629
558,00000 0,01629
559,00000 0,01629
560,00000 0,01629
561,00000 0,01630
562,00000 0,01630
563,00000 0,01630
564,00000 0,01630
565,00000 0,01630
566,00000 0,01630
567,00000 0,01630
568,00000 0,01630
569,00000 0,01629
570,00000 0,01629
571,00000 0,01629
572,00000 0,01629
573,00000 0,01629
574,00000 0,01629
575,00000 0,01630
576,00000 0,01630
577,00000 0,01629
578,00000 0,01629
579,00000 0,01630
580,00000 0,01630
581,00000 0,01630
582,00000 0,01630
583,00000 0,01631
584,00000 0,01630
585,00000 0,01631
586,00000 0,01631
587,00000 0,01631
588,00000 0,01631
589,00000 0,01632
590,00000 0,01632
591,00000 0,01632
592,00000 0,01631
593,00000 0,01632
594,00000 0,01632
595,00000 0,01632
596,00000 0,01632
597,00000 0,01633
598,00000 0,01633
599,00000 0,01632
600,00000 0,01633
601,00000 0,01634
602,00000 0,01634
603,00000 0,01633
604,00000 0,01634
605,00000 0,01634
606,00000 0,01634
607,00000 0,01634
608,00000 0,01635
609,00000 0,01635
610,00000 0,01635
611,00000 0,01634
612,00000 0,01635
613,00000 0,01636
614,00000 0,01636
615,00000 0,01636
616,00000 0,01637
617,00000 0,01637
618,00000 0,01637
619,00000 0,01637
620,00000 0,01638
621,00000 0,01638
622,00000 0,01638
623,00000 0,01639
624,00000 0,01639
625,00000 0,01639
626,00000 0,01639
627,00000 0,01639
628,00000 0,01639
629,00000 0,01639
630,00000 0,01640
631,00000 0,01640
632,00000 0,01641
633,00000 0,01642
634,00000 0,01642
635,00000 0,01642
636,00000 0,01643
637,00000 0,01643
638,00000 0,01645
639,00000 0,01645
640,00000 0,01646
641,00000 0,01647
642,00000 0,01649
643,00000 0,01649
644,00000 0,01651
645,00000 0,01653
646,00000 0,01655
647,00000 0,01655
648,00000 0,01656
649,00000 0,01658
650,00000 0,01660
651,00000 0,01660
652,00000 0,01662
653,00000 0,01663
654,00000 0,01665
655,00000 0,01665
656,00000 0,01667
657,00000 0,01669
658,00000 0,01671
659,00000 0,01671
660,00000 0,01672
661,00000 0,01674
662,00000 0,01676
663,00000 0,01676
664,00000 0,01678
665,00000 0,01680
666,00000 0,01682
667,00000 0,01682
668,00000 0,01683
669,00000 0,01685
670,00000 0,01686
671,00000 0,01686
672,00000 0,01686
673,00000 0,01687
674,00000 0,01687
675,00000 0,01687
676,00000 0,01689
677,00000 0,01690
678,00000 0,01691
679,00000 0,01691
680,00000 0,01692
681,00000 0,01693
682,00000 0,01695
683,00000 0,01695
684,00000 0,01697
685,00000 0,01698
686,00000 0,01700
687,00000 0,01700
688,00000 0,01701
689,00000 0,01703
690,00000 0,01705
691,00000 0,01705
692,00000 0,01706
693,00000 0,01707
694,00000 0,01708
695,00000 0,01708
696,00000 0,01709
697,00000 0,01710
698,00000 0,01712
699,00000 0,01712
700,00000 0,01713
701,00000 0,01714
702,00000 0,01715
703,00000 0,01715
704,00000 0,01716
705,00000 0,01718
706,00000 0,01720
707,00000 0,01721
708,00000 0,01721
709,00000 0,01723
710,00000 0,01723
711,00000 0,01725
712,00000 0,01725
713,00000 0,01727
714,00000 0,01728
715,00000 0,01730
716,00000 0,01730
717,00000 0,01731
718,00000 0,01732
719,00000 0,01734
720,00000 0,01734
721,00000 0,01734
722,00000 0,01736
723,00000 0,01737
724,00000 0,01737
725,00000 0,01738
726,00000 0,01740
727,00000 0,01741
728,00000 0,01741
729,00000 0,01742
730,00000 0,01743
731,00000 0,01745
732,00000 0,01745
733,00000 0,01746
734,00000 0,01747
735,00000 0,01748
736,00000 0,01748
737,00000 0,01749
738,00000 0,01750
739,00000 0,01752
740,00000 0,01752
741,00000 0,01754
742,00000 0,01755
743,00000 0,01757
744,00000 0,01757
745,00000 0,01759
746,00000 0,01761
747,00000 0,01763
748,00000 0,01763
749,00000 0,01766
750,00000 0,01767
751,00000 0,01770
752,00000 0,01770
753,00000 0,01772
754,00000 0,01774
755,00000 0,01776
756,00000 0,01776
757,00000 0,01778
758,00000 0,01780
759,00000 0,01783
760,00000 0,01783
761,00000 0,01785
762,00000 0,01787
763,00000 0,01790
764,00000 0,01790
765,00000 0,01792
766,00000 0,01795
767,00000 0,01797
768,00000 0,01797
769,00000 0,01800
770,00000 0,01803
771,00000 0,01806
772,00000 0,01806
773,00000 0,01810
774,00000 0,01813
775,00000 0,01817
776,00000 0,01817
777,00000 0,01820
778,00000 0,01823
779,00000 0,01828
780,00000 0,01828
781,00000 0,01832
782,00000 0,01837
783,00000 0,01842
784,00000 0,01846
785,00000 0,01846
786,00000 0,01850
787,00000 0,01855
788,00000 0,01859
789,00000 0,01859
790,00000 0,01864
791,00000 0,01869
792,00000 0,01873
793,00000 0,01873
794,00000 0,01877
795,00000 0,01881
796,00000 0,01886
797,00000 0,01886
798,00000 0,01891
799,00000 0,01896
800,00000 0,01900
801,00000 0,01900
802,00000 0,01903
803,00000 0,01906
804,00000 0,01912
805,00000 0,01912
806,00000 0,01916
807,00000 0,01921
808,00000 0,01925
809,00000 0,01925
810,00000 0,01929
811,00000 0,01933
812,00000 0,01937
813,00000 0,01937
814,00000 0,01941
815,00000 0,01945
816,00000 0,01950
817,00000 0,01950
818,00000 0,01953
819,00000 0,01957
820,00000 0,01961
821,00000 0,01961
822,00000 0,01965
823,00000 0,01969
824,00000 0,01973
825,00000 0,01973
826,00000 0,01977
827,00000 0,01981
828,00000 0,01985
829,00000 0,01985
830,00000 0,01988
831,00000 0,01992
832,00000 0,01996
833,00000 0,01996
834,00000 0,02000
835,00000 0,02004
836,00000 0,02008
837,00000 0,02008
838,00000 0,02011
839,00000 0,02015
840,00000 0,02019
841,00000 0,02019
842,00000 0,02023
843,00000 0,02027
844,00000 0,02030
845,00000 0,02030
846,00000 0,02034
847,00000 0,02038
848,00000 0,02042
849,00000 0,02042
850,00000 0,02046
851,00000 0,02049
852,00000 0,02053
853,00000 0,02053
854,00000 0,02057
855,00000 0,02060
856,00000 0,02063
857,00000 0,02063
858,00000 0,02066
859,00000 0,02069
860,00000 0,02072
861,00000 0,02075
862,00000 0,02075
863,00000 0,02078
864,00000 0,02082
865,00000 0,02085
866,00000 0,02085
867,00000 0,02089
868,00000 0,02091
869,00000 0,02094
870,00000 0,02094
871,00000 0,02097
872,00000 0,02101
873,00000 0,02105
874,00000 0,02105
875,00000 0,02108
876,00000 0,02111
877,00000 0,02114
878,00000 0,02114
879,00000 0,02117
880,00000 0,02121
881,00000 0,02124
882,00000 0,02124
883,00000 0,02127
884,00000 0,02131
885,00000 0,02133
886,00000 0,02133
887,00000 0,02137
888,00000 0,02141
889,00000 0,02144
890,00000 0,02144
891,00000 0,02148
892,00000 0,02151
893,00000 0,02154
894,00000 0,02154
895,00000 0,02157
896,00000 0,02160
897,00000 0,02163
898,00000 0,02163
899,00000 0,02167
900,00000 0,02170
901,00000 0,02173
902,00000 0,02173
903,00000 0,02176
904,00000 0,02178
905,00000 0,02182
906,00000 0,02182
907,00000 0,02185
908,00000 0,02189
909,00000 0,02192
910,00000 0,02192
911,00000 0,02194
912,00000 0,02197
913,00000 0,02199
914,00000 0,02199
915,00000 0,02202
916,00000 0,02206
917,00000 0,02208
918,00000 0,02208
919,00000 0,02211
920,00000 0,02214
921,00000 0,02217
922,00000 0,02217
923,00000 0,02220
924,00000 0,02222
925,00000 0,02226
926,00000 0,02226
927,00000 0,02229
928,00000 0,02232
929,00000 0,02235
930,00000 0,02235
931,00000 0,02238
932,00000 0,02241
933,00000 0,02244
934,00000 0,02246
935,00000 0,02246
936,00000 0,02249
937,00000 0,02251
938,00000 0,02254
939,00000 0,02254
940,00000 0,02255
941,00000 0,02258
942,00000 0,02262
943,00000 0,02262
944,00000 0,02264
945,00000 0,02267
946,00000 0,02269
947,00000 0,02269
948,00000 0,02271
949,00000 0,02274
950,00000 0,02278
951,00000 0,02278
952,00000 0,02281
953,00000 0,02283
954,00000 0,02286
955,00000 0,02286
956,00000 0,02288
957,00000 0,02291
958,00000 0,02293
959,00000 0,02293
960,00000 0,02296
961,00000 0,02298
962,00000 0,02301
963,00000 0,02301
964,00000 0,02304
965,00000 0,02306
966,00000 0,02309
967,00000 0,02309
968,00000 0,02311
969,00000 0,02313
970,00000 0,02316
971,00000 0,02316
972,00000 0,02319
973,00000 0,02322
974,00000 0,02325
975,00000 0,02325
976,00000 0,02327
977,00000 0,02330
978,00000 0,02333
979,00000 0,02333
980,00000 0,02335
981,00000 0,02338
982,00000 0,02340
983,00000 0,02340
984,00000 0,02342
985,00000 0,02344
986,00000 0,02347
987,00000 0,02347
988,00000 0,02349
989,00000 0,02352
990,00000 0,02354
991,00000 0,02354
992,00000 0,02356
993,00000 0,02358
994,00000 0,02360
995,00000 0,02360
996,00000 0,02363
997,00000 0,02366
998,00000 0,02368
999,00000 0,02368
1000,00000 0,02371
1001,00000 0,02372
1002,00000 0,02373
1003,00000 0,02373
1004,00000 0,02376
1005,00000 0,02379
1006,00000 0,02382
1007,00000 0,02382
1008,00000 0,02385
1009,00000 0,02387
1010,00000 0,02390
1011,00000 0,02392
1012,00000 0,02392
1013,00000 0,02394
1014,00000 0,02396
1015,00000 0,02399
1016,00000 0,02399
1017,00000 0,02401
1018,00000 0,02403
1019,00000 0,02406
1020,00000 0,02406
1021,00000 0,02409
1022,00000 0,02411
1023,00000 0,02420
1024,00000 0,02420
1025,00000 0,02421
1026,00000 0,02423
1027,00000 0,02427
1028,00000 0,02427
1029,00000 0,02429
1030,00000 0,02432
1031,00000 0,02433
1032,00000 0,02433
1033,00000 0,02434
1034,00000 0,02435
1035,00000 0,02435
1036,00000 0,02435
1037,00000 0,02436
1038,00000 0,02436
1039,00000 0,02436
1040,00000 0,02436
1041,00000 0,02435
1042,00000 0,02434
1043,00000 0,02433
1044,00000 0,02433
1045,00000 0,02431
1046,00000 0,02429
1047,00000 0,02427
1048,00000 0,02427
1049,00000 0,02425
1050,00000 0,02423
1051,00000 0,02421
1052,00000 0,02421
1053,00000 0,02418
1054,00000 0,02415
1055,00000 0,02412
1056,00000 0,02412
1057,00000 0,02408
1058,00000 0,02406
1059,00000 0,02403
1060,00000 0,02403
1061,00000 0,02400
1062,00000 0,02398
1063,00000 0,02395
1064,00000 0,02395
1065,00000 0,02391
1066,00000 0,02387
1067,00000 0,02383
1068,00000 0,02383
1069,00000 0,02380
1070,00000 0,02377
1071,00000 0,02373
1072,00000 0,02373
1073,00000 0,02370
1074,00000 0,02367
1075,00000 0,02363
1076,00000 0,02363
1077,00000 0,02359
1078,00000 0,02356
1079,00000 0,02352
1080,00000 0,02352
1081,00000 0,02348
1082,00000 0,02344
1083,00000 0,02339
1084,00000 0,02339
1085,00000 0,02335
1086,00000 0,02331
1087,00000 0,02327
1088,00000 0,02323
1089,00000 0,02323
1090,00000 0,02319
1091,00000 0,02315
1092,00000 0,02311
1093,00000 0,02311
1094,00000 0,02307
1095,00000 0,02303
1096,00000 0,02299
1097,00000 0,02299
1098,00000 0,02294
1099,00000 0,02290
1100,00000 0,02286
1101,00000 0,02286
1102,00000 0,02282
1103,00000 0,02278
1104,00000 0,02274
1105,00000 0,02274
1106,00000 0,02269
1107,00000 0,02266
1108,00000 0,02262
1109,00000 0,02262
1110,00000 0,02258
1111,00000 0,02254
1112,00000 0,02250
1113,00000 0,02250
1114,00000 0,02245
1115,00000 0,02241
1116,00000 0,02238
1117,00000 0,02238
1118,00000 0,02234
1119,00000 0,02230
1120,00000 0,02225
1121,00000 0,02225
1122,00000 0,02222
1123,00000 0,02217
1124,00000 0,02213
1125,00000 0,02213
1126,00000 0,02209
1127,00000 0,02205
1128,00000 0,02201
1129,00000 0,02201
1130,00000 0,02197
1131,00000 0,02193
1132,00000 0,02189
1133,00000 0,02189
1134,00000 0,02185
1135,00000 0,02181
1136,00000 0,02177
1137,00000 0,02177
1138,00000 0,02173
1139,00000 0,02169
1140,00000 0,02165
1141,00000 0,02165
1142,00000 0,02161
1143,00000 0,02156
1144,00000 0,02153
1145,00000 0,02153
1146,00000 0,02149
1147,00000 0,02145
1148,00000 0,02142
1149,00000 0,02142
1150,00000 0,02138
1151,00000 0,02135
1152,00000 0,02131
1153,00000 0,02131
1154,00000 0,02127
1155,00000 0,02123
1156,00000 0,02119
1157,00000 0,02119
1158,00000 0,02115
1159,00000 0,02111
1160,00000 0,02107
1161,00000 0,02107
1162,00000 0,02103
1163,00000 0,02099
1164,00000 0,02095
1165,00000 0,02092
1166,00000 0,02092
1167,00000 0,02088
1168,00000 0,02084
1169,00000 0,02080
1170,00000 0,02080
1171,00000 0,02076
1172,00000 0,02072
1173,00000 0,02068
1174,00000 0,02068
1175,00000 0,02064
1176,00000 0,02060
1177,00000 0,02056
1178,00000 0,02056
1179,00000 0,02053
1180,00000 0,02049
1181,00000 0,02044
1182,00000 0,02044
1183,00000 0,02041
1184,00000 0,02037
1185,00000 0,02033
1186,00000 0,02033
1187,00000 0,02029
1188,00000 0,02025
1189,00000 0,02022
1190,00000 0,02022
1191,00000 0,02019
1192,00000 0,02015
1193,00000 0,02012
1194,00000 0,02012
1195,00000 0,02008
1196,00000 0,02003
1197,00000 0,02000
1198,00000 0,02000
1199,00000 0,01996
1200,00000 0,01993
1201,00000 0,01989
1202,00000 0,01989
1203,00000 0,01985
1204,00000 0,01981
1205,00000 0,01978
1206,00000 0,01978
1207,00000 0,01975
1208,00000 0,01972
1209,00000 0,01969
1210,00000 0,01969
1211,00000 0,01965
1212,00000 0,01962
1213,00000 0,01959
1214,00000 0,01959
1215,00000 0,01955
1216,00000 0,01952
1217,00000 0,01948
1218,00000 0,01948
1219,00000 0,01945
1220,00000 0,01941
1221,00000 0,01937
1222,00000 0,01937
1223,00000 0,01933
1224,00000 0,01929
1225,00000 0,01925
1226,00000 0,01925
1227,00000 0,01922
1228,00000 0,01918
1229,00000 0,01915
1230,00000 0,01915
1231,00000 0,01912
1232,00000 0,01909
1233,00000 0,01907
1234,00000 0,01907
1235,00000 0,01903
1236,00000 0,01901
1237,00000 0,01897
1238,00000 0,01894
1239,00000 0,01894
1240,00000 0,01890
1241,00000 0,01886
1242,00000 0,01883
1243,00000 0,01883
1244,00000 0,01879
1245,00000 0,01876
1246,00000 0,01873
1247,00000 0,01873
1248,00000 0,01869
1249,00000 0,01867
1250,00000 0,01864
1251,00000 0,01864
1252,00000 0,01860
1253,00000 0,01858
1254,00000 0,01855
1255,00000 0,01855
1256,00000 0,01852
1257,00000 0,01850
1258,00000 0,01847
1259,00000 0,01847
1260,00000 0,01844
1261,00000 0,01841
1262,00000 0,01838
1263,00000 0,01838
1264,00000 0,01835
1265,00000 0,01833
1266,00000 0,01829
1267,00000 0,01829
1268,00000 0,01826
1269,00000 0,01823
1270,00000 0,01819
1271,00000 0,01819
1272,00000 0,01815
1273,00000 0,01812
1274,00000 0,01808
1275,00000 0,01808
1276,00000 0,01805
1277,00000 0,01801
1278,00000 0,01798
1279,00000 0,01798
1280,00000 0,01794
1281,00000 0,01791
1282,00000 0,01788
1283,00000 0,01788
1284,00000 0,01784
1285,00000 0,01781
1286,00000 0,01777
1287,00000 0,01777
1288,00000 0,01774
1289,00000 0,01770
1290,00000 0,01767
1291,00000 0,01767
1292,00000 0,01764
1293,00000 0,01761
1294,00000 0,01758
1295,00000 0,01758
1296,00000 0,01755
1297,00000 0,01751
1298,00000 0,01748
1299,00000 0,01748
1300,00000 0,01745
1301,00000 0,01741
1302,00000 0,01738
1303,00000 0,01738
1304,00000 0,01736
1305,00000 0,01732
1306,00000 0,01730
1307,00000 0,01730
1308,00000 0,01728
1309,00000 0,01725
1310,00000 0,01723
1311,00000 0,01723
1312,00000 0,01719
1313,00000 0,01716
1314,00000 0,01713
1315,00000 0,01709
1316,00000 0,01709
1317,00000 0,01707
1318,00000 0,01703
1319,00000 0,01700
1320,00000 0,01700
1321,00000 0,01697
1322,00000 0,01694
1323,00000 0,01691
1324,00000 0,01691
1325,00000 0,01688
1326,00000 0,01685
1327,00000 0,01683
1328,00000 0,01683
1329,00000 0,01680
1330,00000 0,01677
1331,00000 0,01675
1332,00000 0,01675
1333,00000 0,01672
1334,00000 0,01668
1335,00000 0,01662
1336,00000 0,01662
1337,00000 0,01659
1338,00000 0,01656
1339,00000 0,01653
1340,00000 0,01653
1341,00000 0,01650
1342,00000 0,01647
1343,00000 0,01645
1344,00000 0,01645
1345,00000 0,01642
1346,00000 0,01640
1347,00000 0,01639
1348,00000 0,01639
1349,00000 0,01638
1350,00000 0,01637
1351,00000 0,01637
1352,00000 0,01637
1353,00000 0,01638
1354,00000 0,01640
1355,00000 0,01641
1356,00000 0,01641
1357,00000 0,01642
1358,00000 0,01643
1359,00000 0,01644
1360,00000 0,01644
1361,00000 0,01644
1362,00000 0,01644
1363,00000 0,01644
1364,00000 0,01644
1365,00000 0,01644
1366,00000 0,01645
1367,00000 0,01645
1368,00000 0,01645
1369,00000 0,01645
1370,00000 0,01645
1371,00000 0,01645
1372,00000 0,01645
1373,00000 0,01645
1374,00000 0,01645
1375,00000 0,01644
1376,00000 0,01644
1377,00000 0,01644
1378,00000 0,01644
1379,00000 0,01644
1380,00000 0,01644
1381,00000 0,01644
1382,00000 0,01644
1383,00000 0,01644
1384,00000 0,01644
1385,00000 0,01644
1386,00000 0,01644
1387,00000 0,01644
1388,00000 0,01644
1389,00000 0,01645
1390,00000 0,01645
1391,00000 0,01645
1392,00000 0,01645
1393,00000 0,01645
1394,00000 0,01645
1395,00000 0,01645
1396,00000 0,01645
1397,00000 0,01645
1398,00000 0,01645
1399,00000 0,01644
1400,00000 0,01645
1401,00000 0,01645
1402,00000 0,01644
1403,00000 0,01644
1404,00000 0,01644
1405,00000 0,01644
1406,00000 0,01644
1407,00000 0,01644
1408,00000 0,01644
1409,00000 0,01644
1410,00000 0,01644
1411,00000 0,01644
1412,00000 0,01644
1413,00000 0,01644
1414,00000 0,01644
1415,00000 0,01644
1416,00000 0,01644
1417,00000 0,01644
1418,00000 0,01644
1419,00000 0,01644
1420,00000 0,01645
1421,00000 0,01645
1422,00000 0,01645
1423,00000 0,01645
1424,00000 0,01645
1425,00000 0,01645
1426,00000 0,01645
1427,00000 0,01645
1428,00000 0,01645
1429,00000 0,01645
1430,00000 0,01645
1431,00000 0,01645
1432,00000 0,01644
1433,00000 0,01644
1434,00000 0,01645
1435,00000 0,01644
1436,00000 0,01643
1437,00000 0,01643
1438,00000 0,01644
1439,00000 0,01644
1440,00000 0,01644
1441,00000 0,01644
1442,00000 0,01644
1443,00000 0,01644
1444,00000 0,01644
1445,00000 0,01644
1446,00000 0,01644
1447,00000 0,01645
1448,00000 0,01645
1449,00000 0,01645
1450,00000 0,01645
1451,00000 0,01645
1452,00000 0,01644
1453,00000 0,01644
1454,00000 0,01644
1455,00000 0,01645
1456,00000 0,01645
1457,00000 0,01645
1458,00000 0,01644
1459,00000 0,01644
1460,00000 0,01643
1461,00000 0,01643
1462,00000 0,01644
1463,00000 0,01643
1464,00000 0,01644
1465,00000 0,01644
1466,00000 0,01644
1467,00000 0,01644
1468,00000 0,01645
1469,00000 0,01645
1470,00000 0,01645
1471,00000 0,01645
1472,00000 0,01645
1473,00000 0,01644
1474,00000 0,01644
1475,00000 0,01645
1476,00000 0,01645
1477,00000 0,01645
1478,00000 0,01645
1479,00000 0,01645
1480,00000 0,01644
1481,00000 0,01644
1482,00000 0,01644
1483,00000 0,01644
1484,00000 0,01643
1485,00000 0,01643
1486,00000 0,01643
1487,00000 0,01643
1488,00000 0,01643
1489,00000 0,01643
1490,00000 0,01643
1491,00000 0,01643
1492,00000 0,01643
1493,00000 0,01642
1494,00000 0,01642
1495,00000 0,01641
1496,00000 0,01642
1497,00000 0,01643
1498,00000 0,01643
1499,00000 0,01643
1500,00000 0,01643
1501,00000 0,01643
1502,00000 0,01643
1503,00000 0,01643
1504,00000 0,01643
1505,00000 0,01644
1506,00000 0,01644
1507,00000 0,01643
1508,00000 0,01643
1509,00000 0,01643
1510,00000 0,01643
1511,00000 0,01643
1512,00000 0,01643
1513,00000 0,01643
1514,00000 0,01643
1515,00000 0,01643
1516,00000 0,01643
1517,00000 0,01643
1518,00000 0,01643
1519,00000 0,01644
1520,00000 0,01643
1521,00000 0,01643
1522,00000 0,01643
1523,00000 0,01643
1524,00000 0,01643
1525,00000 0,01643
1526,00000 0,01643
1527,00000 0,01643
1528,00000 0,01643
1529,00000 0,01644
1530,00000 0,01644
1531,00000 0,01644
1532,00000 0,01643
1533,00000 0,01643
1534,00000 0,01643
1535,00000 0,01643
1536,00000 0,01643
1537,00000 0,01642
1538,00000 0,01642
1539,00000 0,01643
1540,00000 0,01642
1541,00000 0,01642
1542,00000 0,01642
1543,00000 0,01642
1544,00000 0,01642
1545,00000 0,01642
1546,00000 0,01642
1547,00000 0,01642
1548,00000 0,01642
1549,00000 0,01642
1550,00000 0,01642
1551,00000 0,01642
1552,00000 0,01642
1553,00000 0,01642
1554,00000 0,01642
1555,00000 0,01642
1556,00000 0,01642
1557,00000 0,01641
1558,00000 0,01641
1559,00000 0,01641
1560,00000 0,01641
1561,00000 0,01641
1562,00000 0,01642
1563,00000 0,01642
1564,00000 0,01641
1565,00000 0,01641
1566,00000 0,01640
1567,00000 0,01640
1568,00000 0,01640
1569,00000 0,01641
1570,00000 0,01640
1571,00000 0,01640
1572,00000 0,01640
1573,00000 0,01640
1574,00000 0,01641
1575,00000 0,01641
1576,00000 0,01641
1577,00000 0,01641
1578,00000 0,01640
1579,00000 0,01640
1580,00000 0,01641
1581,00000 0,01640
1582,00000 0,01640
1583,00000 0,01640
1584,00000 0,01639
1585,00000 0,01640
1586,00000 0,01640
1587,00000 0,01640
1588,00000 0,01640
1589,00000 0,01639
1590,00000 0,01639
1591,00000 0,01639
1592,00000 0,01639
1593,00000 0,01637
1594,00000 0,01637
1595,00000 0,01637
1596,00000 0,01638
1597,00000 0,01639
1598,00000 0,01639
1599,00000 0,01639
1600,00000 0,01639
1601,00000 0,01639
1602,00000 0,01639
1603,00000 0,01639
1604,00000 0,01639
1605,00000 0,01638
1606,00000 0,01639
1607,00000 0,01639
1608,00000 0,01639
1609,00000 0,01638
1610,00000 0,01638
1611,00000 0,01638
1612,00000 0,01638
1613,00000 0,01638
1614,00000 0,01638
1615,00000 0,01638
1616,00000 0,01638
1617,00000 0,01637
1618,00000 0,01636
1619,00000 0,01635
1620,00000 0,01635
1621,00000 0,01636
1622,00000 0,01636
1623,00000 0,01636
1624,00000 0,01636
1625,00000 0,01636
1626,00000 0,01637
1627,00000 0,01636
1628,00000 0,01636
1629,00000 0,01636
1630,00000 0,01637
1631,00000 0,01637
1632,00000 0,01637
1633,00000 0,01637
1634,00000 0,01637
1635,00000 0,01636
1636,00000 0,01636
1637,00000 0,01636
1638,00000 0,01636
1639,00000 0,01636
1640,00000 0,01636
1641,00000 0,01636
1642,00000 0,01636
1643,00000 0,01635
1644,00000 0,01635
1645,00000 0,01634
1646,00000 0,01633
1647,00000 0,01634
1648,00000 0,01634
1649,00000 0,01635
1650,00000 0,01634
1651,00000 0,01634
1652,00000 0,01634
1653,00000 0,01634
1654,00000 0,01633
1655,00000 0,01633
1656,00000 0,01633
1657,00000 0,01632
1658,00000 0,01632
1659,00000 0,01632
1660,00000 0,01632
1661,00000 0,01631
1662,00000 0,01631
1663,00000 0,01630
1664,00000 0,01630
1665,00000 0,01630
1666,00000 0,01630
1667,00000 0,01629
1668,00000 0,01629
1669,00000 0,01630
1670,00000 0,01630
1671,00000 0,01630
1672,00000 0,01630
1673,00000 0,01630
1674,00000 0,01629
1675,00000 0,01629
1676,00000 0,01629
1677,00000 0,01629
1678,00000 0,01629
1679,00000 0,01629
1680,00000 0,01629
1681,00000 0,01628
1682,00000 0,01629
1683,00000 0,01629
1684,00000 0,01629
1685,00000 0,01628
1686,00000 0,01628
1687,00000 0,01628
1688,00000 0,01628
1689,00000 0,01627
1690,00000 0,01626
1691,00000 0,01627
1692,00000 0,01627
1693,00000 0,01627
1694,00000 0,01627
1695,00000 0,01627
1696,00000 0,01627
1697,00000 0,01627
1698,00000 0,01626
1699,00000 0,01626
1700,00000 0,01626
1701,00000 0,01626
1702,00000 0,01625
1703,00000 0,01625
1704,00000 0,01624
1705,00000 0,01624
1706,00000 0,01624
1707,00000 0,01624
1708,00000 0,01624
1709,00000 0,01624
1710,00000 0,01624
1711,00000 0,01624
1712,00000 0,01623
1713,00000 0,01623
1714,00000 0,01623
1715,00000 0,01623
1716,00000 0,01623
1717,00000 0,01623
1718,00000 0,01623
1719,00000 0,01622
1720,00000 0,01623
1721,00000 0,01623
1722,00000 0,01621
1723,00000 0,01621
1724,00000 0,01621
1725,00000 0,01621
1726,00000 0,01620
1727,00000 0,01621
1728,00000 0,01620
1729,00000 0,01620
1730,00000 0,01620
1731,00000 0,01620
1732,00000 0,01620
1733,00000 0,01620
1734,00000 0,01619
1735,00000 0,01618
1736,00000 0,01618
1737,00000 0,01618
1738,00000 0,01618
1739,00000 0,01618
1740,00000 0,01617
1741,00000 0,01617
1742,00000 0,01617
1743,00000 0,01617
1744,00000 0,01617
1745,00000 0,01617
1746,00000 0,01616
1747,00000 0,01616
1748,00000 0,01615
1749,00000 0,01615
1750,00000 0,01615
1751,00000 0,01615
1752,00000 0,01614
1753,00000 0,01614
1754,00000 0,01614
1755,00000 0,01614
1756,00000 0,01614
1757,00000 0,01614
1758,00000 0,01614
1759,00000 0,01613
1760,00000 0,01613
1761,00000 0,01613
1762,00000 0,01612
1763,00000 0,01612
1764,00000 0,01611
1765,00000 0,01611
1766,00000 0,01610
1767,00000 0,01610
1768,00000 0,01609
1769,00000 0,01609
1770,00000 0,01609
1771,00000 0,01608
1772,00000 0,01608
1773,00000 0,01608
1774,00000 0,01608
1775,00000 0,01607
1776,00000 0,01606
1777,00000 0,01606
1778,00000 0,01606
1779,00000 0,01604
1780,00000 0,01604
1781,00000 0,01603
1782,00000 0,01603
1783,00000 0,01603
1784,00000 0,01602
1785,00000 0,01601
1786,00000 0,01601
1787,00000 0,01600
1788,00000 0,01599
1789,00000 0,01599
1790,00000 0,01599
1791,00000 0,01598
1792,00000 0,01597
1793,00000 0,01596
1794,00000 0,01596
1795,00000 0,01595
1796,00000 0,01594
1797,00000 0,01593
1798,00000 0,01593
1799,00000 0,01592
1800,00000 0,01591
1801,00000 0,01590
1802,00000 0,01590
1803,00000 0,01589
1804,00000 0,01589
1805,00000 0,01588
1806,00000 0,01588
1807,00000 0,01588
1808,00000 0,01587
1809,00000 0,01587
1810,00000 0,01587
1811,00000 0,01586
1812,00000 0,01585
1813,00000 0,01585
1814,00000 0,01585
1815,00000 0,01584
1816,00000 0,01583
1817,00000 0,01581
1818,00000 0,01581
1819,00000 0,01580
1820,00000 0,01581
1821,00000 0,01581
1822,00000 0,01581
1823,00000 0,01580
1824,00000 0,01580
1825,00000 0,01579
1826,00000 0,01579
1827,00000 0,01578
1828,00000 0,01576
1829,00000 0,01574
1830,00000 0,01574
1831,00000 0,01574
1832,00000 0,01572
1833,00000 0,01570
1834,00000 0,01570
1835,00000 0,01569
1836,00000 0,01566
1837,00000 0,01563
1838,00000 0,01563
1839,00000 0,01561
1840,00000 0,01561
1841,00000 0,01556
1842,00000 0,01556
1843,00000 0,01553
1844,00000 0,01550
1845,00000 0,01547
1846,00000 0,01547
1847,00000 0,01544
1848,00000 0,01541
1849,00000 0,01539
1850,00000 0,01536
1851,00000 0,01536
1852,00000 0,01533
1853,00000 0,01530
1854,00000 0,01527
1855,00000 0,01527
1856,00000 0,01525
1857,00000 0,01521
1858,00000 0,01519
1859,00000 0,01519
1860,00000 0,01516
1861,00000 0,01513
1862,00000 0,01511
1863,00000 0,01511
1864,00000 0,01508
1865,00000 0,01505
1866,00000 0,01503
1867,00000 0,01503
1868,00000 0,01500
1869,00000 0,01497
1870,00000 0,01494
1871,00000 0,01494
1872,00000 0,01491
1873,00000 0,01488
1874,00000 0,01485
1875,00000 0,01485
1876,00000 0,01483
1877,00000 0,01479
1878,00000 0,01477
1879,00000 0,01477
1880,00000 0,01474
1881,00000 0,01471
1882,00000 0,01468
1883,00000 0,01468
1884,00000 0,01465
1885,00000 0,01463
1886,00000 0,01460
1887,00000 0,01460
1888,00000 0,01458
1889,00000 0,01455
1890,00000 0,01452
1891,00000 0,01452
1892,00000 0,01449
1893,00000 0,01447
1894,00000 0,01444
1895,00000 0,01444
1896,00000 0,01442
1897,00000 0,01438
1898,00000 0,01436
1899,00000 0,01436
1900,00000 0,01433
1901,00000 0,01431
1902,00000 0,01428
1903,00000 0,01428
1904,00000 0,01425
1905,00000 0,01423
1906,00000 0,01420
1907,00000 0,01420
1908,00000 0,01417
1909,00000 0,01415
1910,00000 0,01412
1911,00000 0,01412
1912,00000 0,01410
1913,00000 0,01407
1914,00000 0,01404
1915,00000 0,01404
1916,00000 0,01402
1917,00000 0,01399
1918,00000 0,01396
1919,00000 0,01396
1920,00000 0,01394
1921,00000 0,01391
1922,00000 0,01389
1923,00000 0,01386
1924,00000 0,01386
1925,00000 0,01383
1926,00000 0,01381
1927,00000 0,01378
1928,00000 0,01378
1929,00000 0,01376
1930,00000 0,01374
1931,00000 0,01371
1932,00000 0,01371
1933,00000 0,01369
1934,00000 0,01366
1935,00000 0,01364
1936,00000 0,01364
1937,00000 0,01362
1938,00000 0,01360
1939,00000 0,01358
1940,00000 0,01358
1941,00000 0,01355
1942,00000 0,01353
1943,00000 0,01351
1944,00000 0,01351
1945,00000 0,01349
1946,00000 0,01346
1947,00000 0,01344
1948,00000 0,01344
1949,00000 0,01342
1950,00000 0,01341
1951,00000 0,01338
1952,00000 0,01338
1953,00000 0,01336
1954,00000 0,01334
1955,00000 0,01332
1956,00000 0,01332
1957,00000 0,01327
1958,00000 0,01325
1959,00000 0,01324
1960,00000 0,01324
1961,00000 0,01323
1962,00000 0,01321
1963,00000 0,01319
1964,00000 0,01319
1965,00000 0,01317
1966,00000 0,01315
1967,00000 0,01313
1968,00000 0,01313
1969,00000 0,01311
1970,00000 0,01309
1971,00000 0,01307
1972,00000 0,01307
1973,00000 0,01304
1974,00000 0,01303
1975,00000 0,01301
1976,00000 0,01301
1977,00000 0,01299
1978,00000 0,01297
1979,00000 0,01294
1980,00000 0,01294
1981,00000 0,01292
1982,00000 0,01289
1983,00000 0,01288
1984,00000 0,01288
1985,00000 0,01285
1986,00000 0,01282
1987,00000 0,01280
1988,00000 0,01280
1989,00000 0,01278
1990,00000 0,01276
1991,00000 0,01274
1992,00000 0,01274
1993,00000 0,01273
1994,00000 0,01270
1995,00000 0,01268
1996,00000 0,01268
1997,00000 0,01266
1998,00000 0,01264
1999,00000 0,01263
2000,00000 0,01261
2001,00000 0,01261
2002,00000 0,01259
2003,00000 0,01258
2004,00000 0,01256
2005,00000 0,01256
2006,00000 0,01254
2007,00000 0,01252
2008,00000 0,01250
2009,00000 0,01250
2010,00000 0,01249
2011,00000 0,01246
2012,00000 0,01245
2013,00000 0,01245
2014,00000 0,01242
2015,00000 0,01241
2016,00000 0,01239
2017,00000 0,01239
2018,00000 0,01236
2019,00000 0,01235
2020,00000 0,01233
2021,00000 0,01233
2022,00000 0,01231
2023,00000 0,01229
2024,00000 0,01227
2025,00000 0,01227
2026,00000 0,01225
2027,00000 0,01223
2028,00000 0,01222
2029,00000 0,01222
2030,00000 0,01220
2031,00000 0,01218
2032,00000 0,01217
2033,00000 0,01217
2034,00000 0,01215
2035,00000 0,01213
2036,00000 0,01212
2037,00000 0,01212
2038,00000 0,01210
2039,00000 0,01208
2040,00000 0,01206
2041,00000 0,01206
2042,00000 0,01203
2043,00000 0,01202
2044,00000 0,01199
2045,00000 0,01199
2046,00000 0,01198
2047,00000 0,01197
2048,00000 0,01195
2049,00000 0,01195
2050,00000 0,01194
2051,00000 0,01192
2052,00000 0,01190
2053,00000 0,01190
2054,00000 0,01189
2055,00000 0,01187
2056,00000 0,01185
2057,00000 0,01185
2058,00000 0,01183
2059,00000 0,01181
2060,00000 0,01180
2061,00000 0,01180
2062,00000 0,01178
2063,00000 0,01176
2064,00000 0,01174
2065,00000 0,01174
2066,00000 0,01172
2067,00000 0,01170
2068,00000 0,01169
2069,00000 0,01169
2070,00000 0,01167
2071,00000 0,01165
2072,00000 0,01164
2073,00000 0,01164
2074,00000 0,01162
2075,00000 0,01160
2076,00000 0,01158
2077,00000 0,01156
2078,00000 0,01156
2079,00000 0,01155
2080,00000 0,01153
2081,00000 0,01151
2082,00000 0,01151
2083,00000 0,01150
2084,00000 0,01148
2085,00000 0,01147
2086,00000 0,01147
2087,00000 0,01145
2088,00000 0,01143
2089,00000 0,01142
2090,00000 0,01142
2091,00000 0,01140
2092,00000 0,01138
2093,00000 0,01136
2094,00000 0,01136
2095,00000 0,01134
2096,00000 0,01133
2097,00000 0,01131
2098,00000 0,01131
2099,00000 0,01129
2100,00000 0,01128
2101,00000 0,01126
2102,00000 0,01126
2103,00000 0,01125
2104,00000 0,01123
2105,00000 0,01122
2106,00000 0,01122
2107,00000 0,01121
2108,00000 0,01119
2109,00000 0,01118
2110,00000 0,01118
2111,00000 0,01116
2112,00000 0,01114
2113,00000 0,01113
2114,00000 0,01113
2115,00000 0,01111
2116,00000 0,01109
2117,00000 0,01108
2118,00000 0,01108
2119,00000 0,01106
2120,00000 0,01105
2121,00000 0,01103
2122,00000 0,01103
2123,00000 0,01102
2124,00000 0,01101
2125,00000 0,01099
2126,00000 0,01099
2127,00000 0,01097
2128,00000 0,01096
2129,00000 0,01094
2130,00000 0,01094
2131,00000 0,01093
2132,00000 0,01091
2133,00000 0,01090
2134,00000 0,01090
2135,00000 0,01088
2136,00000 0,01087
2137,00000 0,01086
2138,00000 0,01086
2139,00000 0,01083
2140,00000 0,01082
2141,00000 0,01081
2142,00000 0,01081
2143,00000 0,01080
2144,00000 0,01078
2145,00000 0,01077
2146,00000 0,01077
2147,00000 0,01076
2148,00000 0,01074
2149,00000 0,01073
2150,00000 0,01073
2151,00000 0,01070
2152,00000 0,01069
2153,00000 0,01067
2154,00000 0,01066
2155,00000 0,01066
2156,00000 0,01065
2157,00000 0,01063
2158,00000 0,01062
2159,00000 0,01062
2160,00000 0,01060
2161,00000 0,01059
2162,00000 0,01058
2163,00000 0,01058
2164,00000 0,01055
2165,00000 0,01054
2166,00000 0,01052
2167,00000 0,01052
2168,00000 0,01051
2169,00000 0,01049
2170,00000 0,01046
2171,00000 0,01046
2172,00000 0,01046
2173,00000 0,01045
2174,00000 0,01044
2175,00000 0,01044
2176,00000 0,01043
2177,00000 0,01041
2178,00000 0,01040
2179,00000 0,01040
2180,00000 0,01039
2181,00000 0,01038
2182,00000 0,01036
2183,00000 0,01036
2184,00000 0,01034
2185,00000 0,01032
2186,00000 0,01032
2187,00000 0,01032
2188,00000 0,01031
2189,00000 0,01030
2190,00000 0,01029
2191,00000 0,01029
2192,00000 0,01027
2193,00000 0,01026
2194,00000 0,01025
2195,00000 0,01025
2196,00000 0,01023
2197,00000 0,01023
2198,00000 0,01021
2199,00000 0,01021
2200,00000 0,01019
2201,00000 0,01018
2202,00000 0,01016
2203,00000 0,01016
2204,00000 0,01015
2205,00000 0,01013
2206,00000 0,01012
2207,00000 0,01012
2208,00000 0,01011
2209,00000 0,01009
2210,00000 0,01008
2211,00000 0,01008
2212,00000 0,01006
2213,00000 0,01005
2214,00000 0,01003
2215,00000 0,01003
2216,00000 0,01002
2217,00000 0,01001
2218,00000 0,00999
2219,00000 0,00999
2220,00000 0,00998
2221,00000 0,00996
2222,00000 0,00995
2223,00000 0,00995
2224,00000 0,00993
2225,00000 0,00992
2226,00000 0,00991
2227,00000 0,00989
2228,00000 0,00989
2229,00000 0,00988
2230,00000 0,00987
2231,00000 0,00985
2232,00000 0,00985
2233,00000 0,00984
2234,00000 0,00982
2235,00000 0,00981
2236,00000 0,00981
2237,00000 0,00980
2238,00000 0,00978
2239,00000 0,00978
2240,00000 0,00978
2241,00000 0,00977
2242,00000 0,00975
2243,00000 0,00974
2244,00000 0,00974
2245,00000 0,00973
2246,00000 0,00971
2247,00000 0,00970
2248,00000 0,00970
2249,00000 0,00968
2250,00000 0,00967
2251,00000 0,00966
2252,00000 0,00966
2253,00000 0,00964
2254,00000 0,00963
2255,00000 0,00962
2256,00000 0,00962
2257,00000 0,00960
2258,00000 0,00960
2259,00000 0,00958
2260,00000 0,00958
2261,00000 0,00957
2262,00000 0,00956
2263,00000 0,00954
2264,00000 0,00954
2265,00000 0,00953
2266,00000 0,00952
2267,00000 0,00950
2268,00000 0,00950
2269,00000 0,00949
2270,00000 0,00948
2271,00000 0,00947
2272,00000 0,00947
2273,00000 0,00946
2274,00000 0,00944
2275,00000 0,00943
2276,00000 0,00943
2277,00000 0,00942
2278,00000 0,00940
2279,00000 0,00939
2280,00000 0,00939
2281,00000 0,00938
2282,00000 0,00936
2283,00000 0,00935
2284,00000 0,00935
2285,00000 0,00933
2286,00000 0,00933
2287,00000 0,00932
2288,00000 0,00932
2289,00000 0,00930
2290,00000 0,00929
2291,00000 0,00927
2292,00000 0,00927
2293,00000 0,00926
2294,00000 0,00926
2295,00000 0,00925
2296,00000 0,00925
2297,00000 0,00924
2298,00000 0,00922
2299,00000 0,00922
2300,00000 0,00922
2301,00000 0,00920
2302,00000 0,00918
2303,00000 0,00917
2304,00000 0,00917
2305,00000 0,00917
2306,00000 0,00915
2307,00000 0,00914
2308,00000 0,00913
2309,00000 0,00913
2310,00000 0,00911
2311,00000 0,00910
2312,00000 0,00909
2313,00000 0,00909
2314,00000 0,00908
2315,00000 0,00907
2316,00000 0,00906
2317,00000 0,00906
2318,00000 0,00905
2319,00000 0,00904
2320,00000 0,00902
2321,00000 0,00902
2322,00000 0,00901
2323,00000 0,00900
2324,00000 0,00899
2325,00000 0,00899
2326,00000 0,00897
2327,00000 0,00896
2328,00000 0,00895
2329,00000 0,00895
2330,00000 0,00894
2331,00000 0,00893
2332,00000 0,00892
2333,00000 0,00892
2334,00000 0,00891
2335,00000 0,00890
2336,00000 0,00889
2337,00000 0,00889
2338,00000 0,00888
2339,00000 0,00886
2340,00000 0,00885
2341,00000 0,00885
2342,00000 0,00883
2343,00000 0,00882
2344,00000 0,00881
2345,00000 0,00881
2346,00000 0,00880
2347,00000 0,00879
2348,00000 0,00878
2349,00000 0,00878
2350,00000 0,00877
2351,00000 0,00876
2352,00000 0,00876
2353,00000 0,00876
2354,00000 0,00874
2355,00000 0,00872
2356,00000 0,00871
2357,00000 0,00871
2358,00000 0,00871
2359,00000 0,00870
2360,00000 0,00869
2361,00000 0,00869
2362,00000 0,00867
2363,00000 0,00866
2364,00000 0,00865
2365,00000 0,00865
2366,00000 0,00864
2367,00000 0,00862
2368,00000 0,00861
2369,00000 0,00861
2370,00000 0,00860
2371,00000 0,00859
2372,00000 0,00858
2373,00000 0,00858
2374,00000 0,00857
2375,00000 0,00856
2376,00000 0,00855
2377,00000 0,00855
2378,00000 0,00854
2379,00000 0,00853
2380,00000 0,00852
2381,00000 0,00850
2382,00000 0,00850
2383,00000 0,00849
2384,00000 0,00849
2385,00000 0,00847
2386,00000 0,00847
2387,00000 0,00846
2388,00000 0,00846
2389,00000 0,00844
2390,00000 0,00844
2391,00000 0,00843
2392,00000 0,00842
2393,00000 0,00841
2394,00000 0,00841
2395,00000 0,00840
2396,00000 0,00839
2397,00000 0,00838
2398,00000 0,00838
2399,00000 0,00837
2400,00000 0,00836
