317
316
301
303
291
296
299
296
328
262
288
284
287
274
313
279
281
299
272
329
290
294
305
304
325
306
278
265
314
254
281
318
269
300
310
286
298
320
293
294
307
303
330
320
318
281
307
293
321
303
308
316
314
300
266
297
324
287
285
280
312
305
312
309
299
288
331
332
286
292
316
312
355
301
297
282
309
309
316
279
302
283
281
319
307
271
301
286
318
331
324
288
310
297
294
278
348
297
322
283
282
307
266
338
301
295
294
304
335
311
308
297
295
317
275
297
299
313
329
337
317
296
314
305
307
327
269
265
316
288
291
272
306
312
311
296
258
320
283
316
314
303
308
300
301
288
284
305
305
342
278
284
300
315
309
297
299
311
288
290
313
322
270
295
321
303
282
266
292
291
292
315
297
312
307
304
285
290
298
299
311
288
300
306
304
285
310
307
298
271
307
337
293
279
332
293
313
308
302
321
283
296
322
316
316
292
315
317
284
313
303
291
295
326
353
314
304
319
297
293
307
325
308
306
320
298
315
251
289
307
302
275
295
286
314
286
302
289
311
317
302
319
299
285
308
287
315
314
302
301
322
316
298
298
316
295
318
316
273
276
308
321
286
291
295
254
308
293
307
328
293
305
302
318
323
299
290
293
289
297
294
304
275
327
283
308
273
310
307
303
300
334
295
296
303
283
295
294
289
299
