18
35
35
29
29
30
33
40
36
31
28
34
26
29
31
31
36
27
27
37
33
30
29
25
29
26
32
26
27
34
31
31
26
37
19
36
37
24
27
34
26
41
34
27
31
25
29
26
34
28
28
32
41
34
29
17
29
22
26
26
39
23
32
30
33
40
33
32
28
30
46
33
30
33
31
31
37
32
32
31
25
26
30
33
29
34
27
31
25
29
26
26
33
30
38
36
34
29
27
36
28
34
30
39
23
23
31
33
28
26
24
34
32
29
41
29
39
28
25
29
24
41
21
30
35
30
27
20
23
32
30
21
26
34
31
28
21
25
36
34
26
27
33
28
31
39
32
24
32
32
39
33
35
37
23
36
33
39
32
26
33
34
29
21
22
25
21
36
36
24
23
34
34
37
28
34
27
30
27
24
34
20
40
38
31
31
30
22
35
46
41
32
30
34
27
32
20
29
27
26
33
26
24
26
45
37
33
42
27
26
29
36
30
35
32
28
32
39
27
32
29
28
31
27
19
20
20
37
21
34
23
31
31
37
36
27
31
40
35
18
32
20
28
30
25
27
29
24
31
23
27
25
31
28
29
28
23
28
36
35
33
29
24
31
36
35
28
27
27
31
29
31
40
44
30
39
25
31
29
23
28
24
35
21
30
34
28
29
31
27
19
33
38
36
38
31
33
16
37
32
